34165
29021
47611
45450
84440
79414
25362
31606
88997
56660
88544
53498
21393
62519
95224
45949
86616
51170
11776
50686
30014
41356
53615
60895
45888
69544
44211
28010
66576
87123
28216
30276
52941
31602
29753
62986
98708
69669
72791
51726
7170
5944
16326
99628
33470
19950
97119
6365
50620
24944
26782
35953
75801
95166
36510
46214
53472
37446
33560
16215
91137
99008
88522
18567
79153
2478
9607
78101
74439
62065
998
50917
93708
40136
59478
84488
39009
86446
56052
48825
6560
72319
76609
87485
92270
72676
83439
12566
55695
3260
29404
20965
93997
40300
33301
76047
45839
10633
7876
56643
37278
48180
60849
