70473
21543
17200
78268
28413
31709
93997
77326
82527
57997
11362
81022
25119
47256
90117
51561
44254
30720
17944
79830
40305
46381
58823
44774
20765
69521
90657
67767
24676
6808
11934
56288
23893
57831
51456
92701
4729
95214
66886
26197
8696
72884
89211
46338
1166
10403
60972
88692
15877
2812
76713
95738
22393
12907
75043
60488
87505
63875
70126
47312
28110
49806
9277
49239
48475
25935
68380
53581
88213
83451
82743
72678
94563
91721
25686
15749
45878
14472
77817
16532
26773
20652
75993
81828
7356
63250
81149
38361
9088
84038
29273
93630
20773
44269
53955
21734
86776
11101
32168
42059
48042
95325
73345
81886
13705
90365
57454
49159
96721
