10144
45888
13370
79050
62496
94285
59285
35953
43511
27846
14091
40305
44774
83899
79153
31602
28413
69201
53581
56660
98708
12837
56847
49685
79800
70473
28110
7348
15717
40300
79414
1495
49159
30913
86776
57454
51170
28216
72676
46543
48475
18567
72710
20652
5771
16326
61104
12538
66886
37662
16635
33187
56226
14577
52983
23283
70719
60511
16215
24944
10123
68336
27476
93997
67767
70126
75801
62519
26197
56052
76626
67089
84440
10633
59034
83296
21734
12907
17917
28345
67686
81730
72319
11101
85860
