27639
66769
15421
45979
3245
72109
94019
83296
52983
8680
92586
83753
39681
68377
55666
13186
59355
47992
92458
87521
59040
18162
67028
27808
71557
74559
12837
43858
70092
56847
12715
24367
80672
17287
33878
61284
29805
94285
10144
64870
41159
42621
86819
61209
51735
82141
94358
40563
62926
47272
76243
92936
2885
90680
56331
62637
92803
95520
12993
80042
24
40662
46483
6643
93112
24206
3509
14063
69554
70441
81712
3105
17917
56226
92903
42934
52741
19155
62018
12622
67686
16307
49576
5771
9195
60511
66127
66230
59034
77887
31232
90812
52333
3196
48192
58351
35006
93090
43267
77509
71166
83281
