2478
58351
93997
95166
66127
1896
53955
6560
13186
31232
97119
71434
86446
93503
27808
25986
47611
32168
33878
65107
29273
37446
34953
60972
86616
15749
92903
71557
91738
53615
69669
64870
92270
24676
23893
42934
57831
45726
2885
45979
71166
50973
26773
30014
77326
92701
12566
88544
43077
21393
92586
33301
14571
53472
81022
33077
95325
81828
29753
41065
76609
95256
13705
46381
47272
90680
75043
11776
59478
84765
81712
40136
99008
20765
5843
34678
5685
92936
44211
44323
80042
63867
46825
61209
16189
88692
57235
9277
