46825
60212
76150
53348
26751
90124
79800
36945
23736
12114
28653
80216
18140
54189
81730
53816
16844
47066
57235
33187
1495
33146
28345
63867
93997
71434
17312
84765
3486
1896
10123
40730
24137
41065
53573
22585
5566
3436
56720
50429
67804
14571
80425
68336
69201
10833
19791
79050
93503
21004
20979
33077
7348
43491
44323
14577
50323
16189
6552
89747
25986
85860
73877
59285
70719
98799
12090
50973
94207
14302
99758
76626
35318
47323
5722
29625
77325
14091
6159
99547
49685
3878
13323
23661
12990
82016
19779
46007
92705
34678
5843
74681
76714
11390
63915
58070
41153
72710
88074
53494
54471
72969
