96721
43491
21543
74439
24431
20965
60488
87687
48192
3878
20773
3509
14302
94207
31606
69764
37278
20979
66230
60212
33470
83236
25935
78101
26751
80769
41153
56720
29805
50323
87485
80425
90124
33146
73869
19779
35867
80241
35111
47312
1161
99758
45839
46551
12090
72969
36510
91137
24137
76714
67028
69081
58070
90657
5944
93997
35006
14093
87505
92551
90365
70441
92458
84680
80890
92803
24367
74681
77509
82527
8336
33560
56288
82743
50686
55695
12114
19791
60849
19325
76150
23661
62637
43267
81886
69554
43858
95520
28010
16844
54189
8680
76147
44378
55666
40563
73345
46695
6643
94358
72791
3260
17200
34165
40730
1166
39009
99547
48825
41159
94019
47992
94563
30276
50620
87949
46483
80216
